X,Y
0.0,500.0
1.0,500.9970099512684
2.0,501.9880792245385
3.0,502.97326609546076
4.0,503.95262772606213
5.0,504.92622019441575
6.0,505.894098523295
7.0,506.8563167078529
8.0,507.8129277423688
9.0,508.7639836460987
10.0,509.7095354882679
11.0,510.6496334122379
12.0,511.58432665888427
13.0,512.513663589213
14.0,513.4376917062485
15.0,514.3564576762204
16.0,515.2700073490766
17.0,516.1783857783491
18.0,517.0816372403968
19.0,517.9798052530498
20.0,518.8729325936771
21.0,519.7610613167005
22.0,520.6442327705739
23.0,521.5224876142489
24.0,522.3958658331455
25.0,523.264406754646
26.0,524.1281490631283
27.0,524.9871308145583
28.0,525.841389450653
29.0,526.6909618126326
30.0,527.5358841545763
31.0,528.3761921563929
32.0,529.2119209364231
33.0,530.0431050636844
34.0,530.8697785697701
35.0,531.6919749604177
36.0,532.5097272267532
37.0,533.3230678562264
38.0,534.1320288432458
39.0,534.9366416995227
40.0,535.7369374641352
41.0,536.5329467133209
42.0,537.3246995700076
43.0,538.112225713089
44.0,538.8955543864565
45.0,539.6747144077926
46.0,540.4497341771337
47.0,541.2206416852113
48.0,541.9874645215767
49.0,542.7502298825182
50.0,543.5089645787734
51.0,544.2636950430492
52.0,545.0144473373483
53.0,545.761247160114
54.0,546.5041198531954
55.0,547.243090408641
56.0,547.9781834753217
57.0,548.7094233653943
58.0,549.4368340606059
59.0,550.1604392184438
60.0,550.8802621781393
61.0,551.5963259665251
62.0,552.3086533037542
63.0,553.0172666088816
64.0,553.7221880053155
65.0,554.4234393261386
66.0,555.1210421193061
67.0,555.8150176527229
68.0,556.5053869192019
69.0,557.1921706413096
70.0,557.8753892760999
71.0,558.5550630197396
72.0,559.2312118120306
73.0,559.9038553408279
74.0,560.5730130463605
75.0,561.2387041254541
76.0,561.900947535661
77.0,562.5597619992982
78.0,563.2151660073971
79.0,563.8671778235662
80.0,564.5158154877693
81.0,565.1610968200237
82.0,565.8030394240155
83.0,566.4416606906408
84.0,567.0769778014676
85.0,567.7090077321272
86.0,568.3377672556322
87.0,568.9632729456243
88.0,569.5855411795555
89.0,570.2045881418013
90.0,570.8204298267101
91.0,571.4330820415894
92.0,572.0425604096307
93.0,572.6488803727741
94.0,573.2520571945145
95.0,573.8521059626513
96.0,574.449041591982
97.0,575.0428788269418
98.0,575.6336322441905
99.0,576.2213162551478
100.0,576.8059451084778
101.0,577.3875328925245
102.0,577.9660935377007
103.0,578.5416408188275
104.0,579.1141883574312
105.0,579.6837496239925
106.0,580.2503379401552
107.0,580.8139664808897
108.0,581.374648276617
109.0,581.9323962152912
110.0,582.4872230444425
111.0,583.0391413731815
112.0,583.5881636741659
113.0,584.1343022855305
114.0,584.6775694127798
115.0,585.217977130648
116.0,585.7555373849212
117.0,586.2902619942283
118.0,586.8221626517984
119.0,587.3512509271857
120.0,587.8775382679628
121.0,588.4010360013839
122.0,588.9217553360173
123.0,589.4397073633487
124.0,589.9549030593555
125.0,590.4673532860534
126.0,590.9770687930146
127.0,591.4840602188605
128.0,591.9883380927258
129.0,592.4899128356993
130.0,592.9887947622377
131.0,593.4849940815549
132.0,593.9785208989878
133.0,594.469385217338
134.0,594.95759693819
135.0,595.4431658632077
136.0,595.9261016954068
137.0,596.406414040408
138.0,596.8841124076662
139.0,597.3592062116809
140.0,597.8317047731853
141.0,598.301617320315
142.0,598.7689529897581
143.0,599.2337208278848
144.0,599.6959297918592
145.0,600.1555887507325
146.0,600.6127064865175
147.0,601.0672916952459
148.0,601.5193529880079
149.0,601.9688988919755
150.0,602.4159378514081
151.0,602.8604782286421
152.0,603.3025283050652
153.0,603.7420962820735
154.0,604.1791902820147
155.0,604.6138183491154
156.0,605.045988450393
157.0,605.4757084765547
158.0,605.9029862428805
159.0,606.3278294900933
160.0,606.7502458852149
161.0,607.1702430224083
162.0,607.5878284238074
163.0,608.0030095403334
164.0,608.415793752498
165.0,608.8261883711949
166.0,609.234200638479
167.0,609.6398377283329
168.0,610.0431067474219
169.0,610.4440147358381
170.0,610.8425686678322
171.0,611.2387754525341
172.0,611.632641934664
173.0,612.0241748952307
174.0,612.4133810522203
175.0,612.8002670612757
176.0,613.1848395163634
177.0,613.567104950432
178.0,613.9470698360614
179.0,614.3247405861002
180.0,614.7001235542957
181.0,615.0732250359134
182.0,615.4440512683483
183.0,615.8126084317256
184.0,616.1789026494947
185.0,616.5429399890127
186.0,616.9047264621204
187.0,617.2642680257095
188.0,617.6215705822821
189.0,617.9766399805007
190.0,618.3294820157327
191.0,618.6801024305839
192.0,619.0285069154278
193.0,619.374701108924
194.0,619.7186905985317
195.0,620.0604809210147
196.0,620.4000775629395
197.0,620.737485961166
198.0,621.0727115033321
199.0,621.4057595283303
200.0,621.7366353267787
201.0,622.0653441414844
202.0,622.3918911679018
203.0,622.7162815545823
204.0,623.0385204036204
205.0,623.358612771091
206.0,623.6765636674829
207.0,623.9923780581247
208.0,624.3060608636052
209.0,624.617616960189
210.0,624.9270511802248
211.0,625.2343683125488
212.0,625.5395731028837
213.0,625.8426702542298
214.0,626.1436644272535
215.0,626.4425602406681
216.0,626.7393622716111
217.0,627.0340750560158
218.0,627.3267030889779
219.0,627.6172508251166
220.0,627.905722678932
221.0,628.1921230251572
222.0,628.4764561991047
223.0,628.7587264970102
224.0,629.0389381763694
225.0,629.3170954562722
226.0,629.5932025177322
227.0,629.8672635040102
228.0,630.139282520936
229.0,630.4092636372235
230.0,630.677210884783
231.0,630.9431282590292
232.0,631.2070197191854
233.0,631.4688891885821
234.0,631.7287405549541
235.0,631.9865776707321
236.0,632.2424043533304
237.0,632.4962243854318
238.0,632.7480415152685
239.0,632.9978594568985
240.0,633.2456818904794
241.0,633.4915124625384
242.0,633.7353547862381
243.0,633.9772124416398
244.0,634.2170889759635
245.0,634.4549879038431
246.0,634.6909127075795
247.0,634.9248668373906
248.0,635.1568537116575
249.0,635.3868767171671
250.0,635.6149392093531
251.0,635.8410445125322
252.0,636.0651959201384
253.0,636.2873966949538
254.0,636.5076500693367
255.0,636.7259592454462
256.0,636.9423273954652
257.0,637.1567576618187
258.0,637.3692531573912
259.0,637.57981696574
260.0,637.788452141306
261.0,637.995161709623
262.0,638.199948667522
263.0,638.4028159833354
264.0,638.603766597097
265.0,638.8028034207397
266.0,638.9999293382915
267.0,639.1951472060678
268.0,639.3884598528621
269.0,639.5798700801342
270.0,639.7693806621959
271.0,639.9569943463935
272.0,640.1427138532897
273.0,640.3265418768416
274.0,640.5084810845779
275.0,640.6885341177716
276.0,640.8667035916136
277.0,641.0429920953812
278.0,641.2174021926062
279.0,641.38993642124
280.0,641.5605972938176
281.0,641.729387297618
282.0,641.896308894824
283.0,642.0613645226788
284.0,642.2245565936422
285.0,642.3858874955422
286.0,642.5453595917278
287.0,642.7029752212171
288.0,642.8587366988453
289.0,643.0126463154099
290.0,643.1647063378148
291.0,643.3149190092109
292.0,643.4632865491376
293.0,643.6098111536595
294.0,643.7544949955038
295.0,643.8973402241944
296.0,644.0383489661848
297.0,644.1775233249892
298.0,644.3148653813121
299.0,644.450377193176
300.0,644.5840607960471
301.0,644.7159182029606
302.0,644.8459514046424
303.0,644.9741623696312
304.0,645.1005530443981
305.0,645.2251253534635
306.0,645.347881199515
307.0,645.4688224635215
308.0,645.587951004847
309.0,645.7052686613625
310.0,645.8207772495558
311.0,645.9344785646413
312.0,646.046374380667
313.0,646.1564664506204
314.0,646.2647565065339
315.0,646.3712462595869
316.0,646.4759374002082
317.0,646.5788315981765
318.0,646.6799305027193
319.0,646.7792357426101
320.0,646.8767489262658
321.0,646.9724716418403
322.0,647.0664054573195
323.0,647.1585519206129
324.0,647.2489125596447
325.0,647.3374888824442
326.0,647.4242823772331
327.0,647.5092945125145
328.0,647.5925267371574
329.0,647.6739804804821
330.0,647.753657152344
331.0,647.8315581432156
332.0,647.9076848242676
333.0,647.9820385474493
334.0,648.0546206455668
335.0,648.1254324323618
336.0,648.1944752025862
337.0,648.261750232079
338.0,648.3272587778399
339.0,648.3910020781025
340.0,648.452981352406
341.0,648.5131978016665
342.0,648.571652608246
343.0,648.628346936022
344.0,648.6832819304541
345.0,648.7364587186514
346.0,648.7878784094371
347.0,648.8375420934137
348.0,648.8854508430255
349.0,648.9316057126218
350.0,648.9760077385173
351.0,649.0186579390529
352.0,649.0595573146547
353.0,649.0987068478926
354.0,649.1361075035367
355.0,649.1717602286145
356.0,649.2056659524658
357.0,649.2378255867965
358.0,649.2682400257326
359.0,649.2969101458722
360.0,649.323836806337
361.0,649.3490208488226
362.0,649.3724630976483
363.0,649.394164359805
364.0,649.4141254250036
365.0,649.4323470657214
366.0,649.4488300372477
367.0,649.4635750777289
368.0,649.4765829082124
369.0,649.4878542326896
370.0,649.4973897381382
371.0,649.5051900945632
372.0,649.5112559550377
373.0,649.5155879557418
374.0,649.5181867160022
375.0,649.519052838329
376.0,649.518186908453
377.0,649.5155894953615
378.0,649.5112611513342
379.0,649.5052024119766
380.0,649.4974137962539
381.0,649.4878958065237
382.0,649.4766489285678
383.0,649.4636736316228
384.0,649.4489703684108
385.0,649.4325395751679
386.0,649.4143816716736
387.0,649.3944970612781
388.0,649.3728861309286
389.0,649.3495492511961
390.0,649.3244867763001
391.0,649.2976990441333
392.0,649.2691863762851
393.0,649.2389490780644
394.0,649.2069874385214
395.0,649.1733017304696
396.0,649.1378922105048
397.0,649.1007591190262
398.0,649.0619026802543
399.0,649.0213231022495
400.0,648.979020576929
401.0,648.9349952800833
402.0,648.8892473713922
403.0,648.84177699444
404.0,648.7925842767285
405.0,648.7416693296917
406.0,648.6890322487077
407.0,648.6346731131111
408.0,648.5785919862034
409.0,648.5207889152639
410.0,648.461263931559
411.0,648.4000170503512
412.0,648.3370482709068
413.0,648.2723575765042
414.0,648.2059449344383
415.0,648.1378102960292
416.0,648.0679535966246
417.0,647.9963747556056
418.0,647.9230736763899
419.0,647.8480502464339
420.0,647.7713043372357
421.0,647.692835804336
422.0,647.6126444873182
423.0,647.5307302098087
424.0,647.4470927794755
425.0,647.3617319880268
426.0,647.2746476112086
427.0,647.1858394088008
428.0,647.0953071246137
429.0,647.0030504864836
430.0,646.9090692062667
431.0,646.8133629798332
432.0,646.7159314870596
433.0,646.6167743918226
434.0,646.5158913419887
435.0,646.4132819694062
436.0,646.3089458898951
437.0,646.2028827032354
438.0,646.0950919931572
439.0,645.9855733273267
440.0,645.8743262573348
441.0,645.7613503186822
442.0,645.6466450307651
443.0,645.5302098968602
444.0,645.4120444041091
445.0,645.2921480235001
446.0,645.1705202098519
447.0,645.0471604017947
448.0,644.9220680217516
449.0,644.7952424759176
450.0,644.6666831542408
451.0,644.5363894303988
452.0,644.4043606617787
453.0,644.2705961894522
454.0,644.1350953381534
455.0,643.9978574162535
456.0,643.8588817157354
457.0,643.718167512168
458.0,643.5757140646792
459.0,643.4315206159284
460.0,643.2855863920777
461.0,643.1379106027628
462.0,642.9884924410628
463.0,642.8373310834703
464.0,642.684425689858
465.0,642.5297754034481
466.0,642.3733793507773
467.0,642.2152366416642
468.0,642.0553463691738
469.0,641.8937076095809
470.0,641.7303194223356
471.0,641.5651808500237
472.0,641.39829091833
473.0,641.2296486359986
474.0,641.0592529947934
475.0,640.8871029694568
476.0,640.7131975176685
477.0,640.5375355800034
478.0,640.3601160798875
479.0,640.1809379235543
480.0,640.0
481.0,639.8173011809369
482.0,639.632840320747
483.0,639.4466162564349
484.0,639.2586278075783
485.0,639.0688737762789
486.0,638.8773529471126
487.0,638.6840640870779
488.0,638.4890059455433
489.0,638.2921772541955
490.0,638.093576726984
491.0,637.8932030600672
492.0,637.6910549317564
493.0,637.4871310024588
494.0,637.2814299146198
495.0,637.073950292665
496.0,636.8646907429401
497.0,636.6536498536499
498.0,636.4408261947975
499.0,636.226218318122
500.0,636.0098247570345
501.0,635.7916440265532
502.0,635.571674623239
503.0,635.3499150251284
504.0,635.1263636916665
505.0,634.9010190636377
506.0,634.6738795630969
507.0,634.4449435932987
508.0,634.2142095386258
509.0,633.9816757645168
510.0,633.7473406173915
511.0,633.5112024245772
512.0,633.2732594942323
513.0,633.0335101152693
514.0,632.7919525572773
515.0,632.5485850704426
516.0,632.3034058854684
517.0,632.0564132134931
518.0,631.807605246009
519.0,631.5569801547776
520.0,631.3045360917453
521.0,631.0502711889573
522.0,630.7941835584705
523.0,630.5362712922661
524.0,630.2765324621585
525.0,630.0149651197062
526.0,629.751567296119
527.0,629.4863370021656
528.0,629.2192722280787
529.0,628.95037094346
530.0,628.6796310971828
531.0,628.4070506172947
532.0,628.1326274109172
533.0,627.8563593641461
534.0,627.5782443419491
535.0,627.2982801880629
536.0,627.0164647248876
537.0,626.732795753382
538.0,626.4472710529559
539.0,626.1598883813612
540.0,625.8706454745819
541.0,625.5795400467235
542.0,625.286569789899
543.0,624.9917323741154
544.0,624.6950254471578
545.0,624.3964466344726
546.0,624.0959935390481
547.0,623.7936637412959
548.0,623.4894547989272
549.0,623.1833642468321
550.0,622.8753895969533
551.0,622.5655283381603
552.0,622.2537779361224
553.0,621.9401358331787
554.0,621.6245994482074
555.0,621.3071661764936
556.0,620.9878333895948
557.0,620.6665984352055
558.0,620.3434586370196
559.0,620.0184112945913
560.0,619.6914536831944
561.0,619.3625830536797
562.0,619.0317966323314
563.0,618.6990916207196
564.0,618.3644651955542
565.0,618.0279145085344
566.0,617.6894366861974
567.0,617.3490288297656
568.0,617.0066880149913
569.0,616.6624112919992
570.0,616.3161956851287
571.0,615.9680381927723
572.0,615.6179357872128
573.0,615.2658854144593
574.0,614.9118839940801
575.0,614.5559284190339
576.0,614.1980155554996
577.0,613.8381422427027
578.0,613.4763052927414
579.0,613.1125014904088
580.0,612.7467275930145
581.0,612.3789803302029
582.0,612.0092564037695
583.0,611.6375524874763
584.0,611.2638652268625
585.0,610.8881912390553
586.0,610.5105271125772
587.0,610.130869407151
588.0,609.7492146535029
589.0,609.3655593531629
590.0,608.9798999782628
591.0,608.5922329713318
592.0,608.2025547450899
593.0,607.8108616822382
594.0,607.4171501352472
595.0,607.0214164261422
596.0,606.6236568462868
597.0,606.2238676561622
598.0,605.8220450851456
599.0,605.4181853312853
600.0,605.0122845610719
601.0,604.6043389092086
602.0,604.1943444783783
603.0,603.7822973390054
604.0,603.3681935290189
605.0,602.9520290536091
606.0,602.5337998849831
607.0,602.1135019621163
608.0,601.6911311905023
609.0,601.2666834418977
610.0,600.8401545540656
611.0,600.4115403305153
612.0,599.980836540238
613.0,599.5480389174405
614.0,599.1131431612752
615.0,598.6761449355661
616.0,598.2370398685324
617.0,597.795823552508
618.0,597.3524915436576
619.0,596.90703936169
620.0,596.4594624895665
621.0,596.0097563732069
622.0,595.5579164211911
623.0,595.1039380044575
624.0,594.6478164559968
625.0,594.1895470705432
626.0,593.7291251042604
627.0,593.2665457744249
628.0,592.8018042591038
629.0,592.3348956968305
630.0,591.865815186274
631.0,591.3945577859066
632.0,590.9211185136646
633.0,590.4454923466075
634.0,589.9676742205701
635.0,589.4876590298128
636.0,589.005441626665
637.0,588.5210168211661
638.0,588.0343793807002
639.0,587.5455240296269
640.0,587.0544454489077
641.0,586.5611382757265
642.0,586.0655971031065
643.0,585.5678164795204
644.0,585.067790908498
645.0,584.5655148482258
646.0,584.0609827111444
647.0,583.5541888635377
648.0,583.0451276251188
649.0,582.5337932686101
650.0,582.0201800193172
651.0,581.504282054697
652.0,580.9860935039223
653.0,580.4656084474373
654.0,579.9428209165094
655.0,579.4177248927754
656.0,578.8903143077796
657.0,578.3605830425079
658.0,577.8285249269138
659.0,577.2941337394401
660.0,576.7574032065316
661.0,576.2183270021438
662.0,575.6768987472434
663.0,575.133112009302
664.0,574.5869603017842
665.0,574.0384370836272
666.0,573.4875357587142
667.0,572.9342496753405
668.0,572.3785721256722
669.0,571.8204963451968
670.0,571.2600155121679
671.0,570.69712274704
672.0,570.1318111118977
673.0,569.5640736098751
674.0,568.993903184568
675.0,568.4212927194387
676.0,567.8462350372104
677.0,567.2687228992545
678.0,566.6887490049698
679.0,566.1063059911514
680.0,565.5213864313515
681.0,564.9339828352314
682.0,564.3440876479037
683.0,563.7516932492656
684.0,563.1567919533218
685.0,562.5593760074987
686.0,561.9594375919488
687.0,561.3569688188433
688.0,560.7519617316569
689.0,560.1444083044404
690.0,559.5343004410835
691.0,558.9216299745666
692.0,558.3063886662017
693.0,557.6885682048626
694.0,557.0681602062024
695.0,556.445156211861
696.0,555.8195476886604
697.0,555.1913260277867
698.0,554.5604825439625
699.0,553.9270084746042
700.0,553.2908949789688
701.0,552.6521331372861
702.0,552.0107139498793
703.0,551.3666283362716
704.0,550.7198671342785
705.0,550.0704210990882
706.0,549.4182809023254
707.0,548.763437131103
708.0,548.1058802870583
709.0,547.4456007853737
710.0,546.7825889537835
711.0,546.1168350315638
712.0,545.4483291685082
713.0,544.7770614238866
714.0,544.1030217653873
715.0,543.4262000680433
716.0,542.7465861131413
717.0,542.0641695871133
718.0,541.3789400804104
719.0,540.6908870863595
720.0,540.0
721.0,539.306268116904
722.0,538.6096806319756
723.0,537.910226638232
724.0,537.2078951255636
725.0,536.5026749794753
726.0,535.7945549798063
727.0,535.0835237994293
728.0,534.3695700029278
729.0,533.6526820452519
730.0,532.9328482703526
731.0,532.2100569097905
732.0,531.4842960813263
733.0,530.7555537874816
734.0,530.023817914081
735.0,529.2890762287657
736.0,528.5513163794836
737.0,527.8105258929544
738.0,527.0666921731062
739.0,526.3198024994877
740.0,525.5698440256515
741.0,524.8168037775106
742.0,524.0606686516652
743.0,523.3014254137017
744.0,522.5390606964611
745.0,521.7735609982773
746.0,521.0049126811841
747.0,520.2331019690919
748.0,519.4581149459295
749.0,518.6799375537561
750.0,517.8985555908356
751.0,517.1139547096809
752.0,516.326120415059
753.0,515.5350380619623
754.0,514.7406928535421
755.0,513.9430698390047
756.0,513.1421539114696
757.0,512.3379298057873
758.0,511.5303820963172
759.0,510.7194951946648
760.0,509.905253347376
761.0,509.0876406335895
762.0,508.26664096264335
763.0,507.44223807163866
764.0,506.6144155229554
765.0,505.7831567017216
766.0,504.94844481323526
767.0,504.1102628803346
768.0,503.2685937407203
769.0,502.4234200442249
770.0,501.5747242500276
771.0,500.7224886238187
772.0,499.866695234904
773.0,499.00732595325604
774.0,498.1443624465048
775.0,497.2777861768696
776.0,496.40757839803035
777.0,495.5337201519351
778.0,494.65619226554395
779.0,493.7749753475081
780.0,492.89004978477993
781.0,492.0013957391552
782.0,491.10899314374467
783.0,490.21282169937206
784.0,489.31286087089865
785.0,488.40908988347167
786.0,487.50148771869306
787.0,486.5900331107108
788.0,485.67470454222484
789.0,484.75548024041086
790.0,483.832338172757
791.0,482.9052560428108
792.0,481.97421128583625
793.0,481.039181064377
794.0,480.1001422637224
795.0,479.15707148727694
796.0,478.2099450518265
797.0,477.2587389827022
798.0,476.30342900883653
799.0,475.3439905577103
800.0,474.3803987501866
801.0,473.41262839522994
802.0,472.4406539845047
803.0,471.46444968685404
804.0,470.4839893426499
805.0,469.4992464580177
806.0,468.51019419892435
807.0,467.5168053851329
808.0,466.5190524840156
809.0,465.516907604222
810.0,464.5103424891997
811.0,463.4993285105615
812.0,462.48383666129575
813.0,461.4638375488144
814.0,460.43930138783554
815.0,459.4101979930923
816.0,458.37649677186806
817.0,457.3381667163476
818.0,456.2951763957821
819.0,455.2474939484602
820.0,454.195087073482
821.0,453.1379230223266
822.0,452.07596859020884
823.0,451.0091901072196
824.0,449.9375534292403
825.0,448.8610239286271
826.0,447.77956648465573
827.0,446.6931454737209
828.0,445.60172475928135
829.0,444.50526768154305
830.0,443.4037370468717
831.0,442.29709511692704
832.0,441.1853035975079
833.0,440.0683236270994
834.0,438.9461157651144
835.0,437.8186399798157
836.0,436.6858556359107
837.0,435.54772148180746
838.0,434.40419563651926
839.0,433.2552355762082
840.0,432.1007981203519
841.0,430.94083941752507
842.0,429.77531493077794
843.0,428.60417942260165
844.0,427.42738693946256
845.0,426.2448907958933
846.0,425.05664355812263
847.0,423.86259702722947
848.0,422.66270222180253
849.0,421.4569093600887
850.0,420.2451678416106
851.0,419.0274262282358
852.0,417.80363222467446
853.0,416.57373265838754
854.0,415.337673458881
855.0,414.095399636364
856.0,412.84685525974714
857.0,411.59198343395497
858.0,410.33072627652706
859.0,409.0630248934798
860.0,407.7888193543993
861.0,406.5080486667381
862.0,405.22065074927957
863.0,403.92656240474156
864.0,402.6257192914821
865.0,401.31805589427097
866.0,400.00350549409103
867.0,398.6820001369264
868.0,397.35347060149894
869.0,396.01784636590725
870.0,394.6750555731221
871.0,393.32502499529187
872.0,391.96767999680424
873.0,390.6029444960536
874.0,389.230740925858
875.0,387.8509901924627
876.0,386.4636116330745
877.0,385.0685229718572
878.0,383.6656402743204
879.0,382.2548779000301
880.0,380.8361484535648
881.0,379.4093627336349
882.0,377.9744296802837
883.0,376.5312563200789
884.0,375.0797477091976
885.0,373.619806874311
886.0,372.1513347511584
887.0,370.6742301207016
888.0,369.1883895427396
889.0,367.6937072868639
890.0,366.19007526061546
891.0,364.67738293471007
892.0,363.1555172651814
893.0,361.62436261228225
894.0,360.0838006559841
895.0,358.53371030789083
896.0,356.97396761938404
897.0,355.4044456857994
898.0,353.8250145464203
899.0,352.2355410800654
900.0,350.6358888960296
901.0,349.02591822012243
902.0,347.40548577553085
903.0,345.7744446582172
904.0,344.13264420654133
905.0,342.4799298647777
906.0,340.8161430401705
907.0,339.14112095315045
908.0,337.4546964803113
909.0,335.7566979897064
910.0,334.0469491680084
911.0,332.32526883902705
912.0,330.5914707730582
913.0,328.84536348648356
914.0,327.0867500310091
915.0,325.31542777187633
916.0,323.5311881543341
917.0,321.73381645759855
918.0,319.92309153547546
919.0,318.0987855427443
920.0,316.260663646341
921.0,314.4084837202885
922.0,312.5419960232458
923.0,310.66094285744566
924.0,308.7650582076898
925.0,306.85406735895793
926.0,304.9276864910576
927.0,302.985622248606
928.0,301.0275712844833
929.0,299.0532197747262
930.0,297.06224290264277
931.0,295.0543043097304
932.0,293.0290555107408
933.0,290.9861352699878
934.0,288.92516893570877
935.0,286.84576772897634
936.0,284.74752798330456
937.0,282.6300303307021
938.0,280.49283882948515
939.0,278.3355000286694
940.0,276.1575419632074
941.0,273.9584730737117
942.0,271.7377810436063
943.0,269.4949315458496
944.0,267.22936689047634
945.0,264.94050456318456
946.0,262.6277356440366
947.0,260.2904230940174
948.0,257.92789989568735
949.0,255.5394670324434
950.0,253.1243912889066
951.0,250.68190285268886
952.0,248.21119269514546
953.0,245.71140970568098
954.0,243.18165755064067
955.0,240.62099122370154
956.0,238.02841324988069
957.0,235.40286949964272
958.0,232.74324456298314
959.0,230.04835662555638
960.0,227.31695177968112
961.0,224.54769769207343
962.0,221.7391765370546
963.0,218.8898770882645
964.0,215.9981858429957
965.0,213.06237703037797
966.0,210.08060132680785
967.0,207.05087306800556
968.0,203.9710557052748
969.0,200.838845201848
970.0,197.65175100089186
971.0,194.40707411623418
972.0,191.10188179531477
973.0,187.73297807485523
974.0,184.29686938452036
975.0,180.78972414045867
976.0,177.20732499248138
977.0,173.54501202256643
978.0,169.7976147054678
979.0,165.9593697871083
980.0,162.02382134415515
981.0,157.9836980563631
982.0,153.83076099765375
983.0,149.55561279526725
984.0,145.14745544662287
985.0,140.59377882318788
986.0,135.87995394568597
987.0,130.98869281791073
988.0,125.8993170401069
989.0,120.58674529526779
990.0,115.02005510649867
991.0,109.16037715060328
992.0,102.95769922967185
993.0,96.34579830161206
994.0,89.23375537998443
995.0,81.49072755469858
996.0,72.91597688364222
997.0,63.17172010860649
998.0,51.59959676862624
999.0,36.50063396471631
